map_config:
  latitude: 37.41691154328607
  longitude: -122.01603989032715
  elevation: 16.0
  roll: 0
  pitch: 0
  yaw: 0